0 0.1891580161476355 0.7930327868852458 0.37139561707035745 0.4098360655737705
0 0.5645905420991926 0.6700819672131147 0.33102652825836215 0.4918032786885246
0 0.8823529411764706 0.38422131147540983 0.23529411764705885 0.34221311475409844
0 0.8258362168396772 0.7028688524590163 0.19377162629757783 0.47540983606557374
0 0.33275663206459055 0.5163934426229508 0.21337946943483282 0.27459016393442626
0 0.3927335640138408 0.21721311475409835 0.1972318339100346 0.3073770491803279
0 0.14475201845444055 0.34118852459016397 0.16262975778546707 0.3381147540983606
0 0.11245674740484429 0.5758196721311476 0.22491349480968859 0.2540983606557377
0 0.27854671280276816 0.24999999999999992 0.1510957324106113 0.27868852459016386
0 0.7151095732410612 0.3258196721311476 0.14302191464821223 0.23360655737704922
0 0.6776239907727798 0.1567622950819672 0.14186851211072665 0.2274590163934426
0 0.5565167243367937 0.39139344262295084 0.1395617070357555 0.3360655737704918
0 0.9325259515570934 0.10655737704918032 0.13494809688581316 0.21311475409836064
0 0.8258362168396769 0.09836065573770492 0.13379469434832755 0.18032786885245902
0 0.497116493656286 0.1014344262295082 0.13148788927335636 0.2028688524590164
