0 0.8627450980392156 0.7599309153713298 0.2745098039215686 0.1658031088082902
0 0.8442906574394463 0.5630397236614852 0.28604382929642447 0.2452504317789292
0 0.7047289504036908 0.43782383419689125 0.28143021914648214 0.2987910189982729
0 0.6430219146482122 0.27288428324697755 0.18800461361015 0.46286701208981
0 0.5098039215686274 0.2979274611398963 0.15455594002306805 0.45077720207253874
0 0.395040369088812 0.3160621761658031 0.1695501730103806 0.47668393782383417
0 0.28719723183391 0.3065630397236615 0.2422145328719723 0.4749568221070812
0 0.2906574394463668 0.5639032815198618 0.15916955017301038 0.3471502590673575
0 0.20876585928489041 0.5699481865284974 0.2029988465974625 0.44905008635578597
0 0.1459054209919262 0.7677029360967186 0.2918108419838524 0.23316062176165805
0 0.14129181084198386 0.9170984455958547 0.2825836216839677 0.15198618307426598
0 0.06747404844290658 0.4525043177892919 0.13494809688581316 0.30397236614853196
0 0.091118800461361 0.2098445595854922 0.1637831603229527 0.22279792746113983
0 0.14648212226066898 0.1157167530224525 0.29296424452133796 0.231433506044905
