0 0.19093406593406595 0.6680412371134021 0.3269230769230769 0.1402061855670103
0 0.10851648351648352 0.5134020618556702 0.18956043956043955 0.09896907216494846
0 0.13873626373626372 0.36391752577319586 0.2445054945054945 0.21649484536082475
0 0.38186813186813184 0.4948453608247423 0.1593406593406593 0.2020618556701031
0 0.22527472527472533 0.19587628865979384 0.35164835164835173 0.09484536082474226
0 0.6950549450549451 0.1948453608247423 0.3296703296703296 0.1711340206185567
0 0.4561554148331007 0.24085603414222315 0.19814895847953695 0.11618270117034703
0 0.7471866975999205 0.3880207889579962 0.25181430140107813 0.15026296018031554
0 0.6625605799159514 0.5452547112085324 0.40042602026073076 0.1518120628625868
0 0.5500697649457978 0.37562796749982574 0.2125973200353365 0.12857552262851743
0 0.652240321661809 0.721077865646324 0.38391360705410277 0.15955757627394332
