0 0.08516483516483517 0.6742268041237112 0.17032967032967034 0.18969072164948453
0 0.3173076923076923 0.7268041237113403 0.27197802197802196 0.09278350515463918
0 0.2994505494505495 0.4979381443298969 0.24725274725274726 0.10927835051546392
0 0.6153846153846154 0.6484536082474227 0.25824175824175827 0.13814432989690723
0 0.23214285714285715 0.2577319587628866 0.27197802197802196 0.11134020618556702
0 0.4381868131868132 0.17938144329896907 0.2445054945054945 0.15257731958762888
0 0.6648351648351648 0.2092783505154639 0.1813186813186813 0.1587628865979381
0 0.85989010989011 0.22783505154639175 0.1593406593406593 0.15463917525773196
0 0.8777472527472525 0.4092783505154639 0.2445054945054945 0.13402061855670103
0 0.5659340659340654 0.3952202436738518 0.15934065934065922 0.14226804123711337
0 0.4145854145854146 0.35463917525773203 0.1348651348651348 0.1312089971883786
0 0.6499203958393902 0.4481267539827144 0.22516927099947381 0.08193600964079564
0 0.739476355895999 0.4929355092550244 0.1893468869768301 0.11010151295481921
0 0.8760574946100023 0.5115573296279323 0.12382480637257137 0.09194523809123378
